#---Header
EC or Barrel: EC
Module type: R2
Module ref. Number: 20USEM20000023_firstrun
Date: 2022-06-21T16:42:15.081275Z
Institute: TRIUMF
Operator: PS
Instrument Type: Mitutoyo CMM
Run Number: 1
Measurement program version: v1
#---Positions
#Location	X[mm]	Y[mm]
H_R2H0_P1	4.2235	23.2116
H_R2H0_P2	124.2210	25.8622
PB_P1	81.8996	10.5157
PB_P2	122.3765	1.0900
#---Glue heights:
#Location	Type	X[mm]	Y[mm]	Z[mm]
Sensor	1	59.2497	-1.2882	0.0031
Sensor	1	125.1048	14.1840	-0.0022
Sensor	1	87.4955	11.9071	-0.0035
Sensor	1	9.5072	29.0007	-0.0005
Sensor	1	19.8986	27.9055	-0.0011
Sensor	1	29.8021	27.1863	0.0004
Sensor	1	39.9343	26.8166	0.0016
Sensor	1	49.7122	26.5463	-0.0007
Sensor	1	59.6231	26.7407	-0.0020
Sensor	1	70.2763	26.5946	-0.0006
Sensor	1	79.9176	27.1334	0.0011
Sensor	1	89.0833	27.4005	0.0030
Sensor	1	99.2837	27.7563	-0.0021
Sensor	1	109.6469	28.7069	0.0021
Sensor	1	119.0148	29.4234	0.0014
ABC_R2H0_0	2	120.0013	24.2178	0.3837
ABC_R2H0_0_A	2	124.2141	25.8838	0.3834
ABC_R2H0_0_B	2	124.4723	23.3260	0.3831
ABC_R2H0_0_C	2	115.7322	22.5657	0.3834
ABC_R2H0_0_D	2	115.5866	25.0956	0.3851
ABC_R2H0_1	2	109.9281	23.3734	0.3900
ABC_R2H0_10	2	18.8349	23.2609	0.4080
ABC_R2H0_10_A	2	23.2740	24.2301	0.4136
ABC_R2H0_10_B	2	23.0887	21.6516	0.4030
ABC_R2H0_10_C	2	14.3609	22.3177	0.4065
ABC_R2H0_10_D	2	14.6161	24.8440	0.4091
ABC_R2H0_11	2	8.7253	24.0878	0.4283
ABC_R2H0_11_A	2	13.1725	24.9770	0.4286
ABC_R2H0_11_B	2	12.9815	22.3944	0.4182
ABC_R2H0_11_C	2	4.2135	23.2280	0.4324
ABC_R2H0_11_D	2	4.5338	25.7517	0.4339
ABC_R2H0_1_A	2	114.1778	24.9727	0.4004
ABC_R2H0_1_B	2	114.3958	22.4182	0.3837
ABC_R2H0_1_C	2	105.6243	21.7877	0.3859
ABC_R2H0_1_D	2	105.5145	24.3151	0.3901
ABC_R2H0_2	2	99.8272	22.6920	0.3944
ABC_R2H0_2_A	2	104.0934	24.2173	0.4006
ABC_R2H0_2_B	2	104.2525	21.6534	0.3945
ABC_R2H0_2_C	2	95.5173	21.1797	0.3892
ABC_R2H0_2_D	2	95.4456	23.7177	0.3933
ABC_R2H0_3	2	89.7202	22.1781	0.3982
ABC_R2H0_3_A	2	94.0159	23.6454	0.4010
ABC_R2H0_3_B	2	94.1544	21.0792	0.4030
ABC_R2H0_3_C	2	85.3703	20.7325	0.3956
ABC_R2H0_3_D	2	85.3402	23.2552	0.3933
ABC_R2H0_4	2	79.5994	21.8268	0.3936
ABC_R2H0_4_A	2	83.9178	23.2211	0.4067
ABC_R2H0_4_B	2	84.0053	20.6484	0.3903
ABC_R2H0_4_C	2	75.2242	20.4573	0.3859
ABC_R2H0_4_D	2	75.2503	22.9805	0.3916
ABC_R2H0_5	2	69.4953	21.6586	0.3911
ABC_R2H0_5_A	2	73.8261	22.9739	0.3981
ABC_R2H0_5_B	2	73.9185	20.3937	0.3875
ABC_R2H0_5_C	2	65.0945	20.3622	0.3887
ABC_R2H0_5_D	2	65.1422	22.9045	0.3901
ABC_R2H0_6	2	59.3603	21.6456	0.3939
ABC_R2H0_6_A	2	63.7131	22.8938	0.3993
ABC_R2H0_6_B	2	63.7333	20.3127	0.3890
ABC_R2H0_6_C	2	54.9485	20.4183	0.3895
ABC_R2H0_6_D	2	55.0464	22.9575	0.3977
ABC_R2H0_7	2	49.2176	21.7905	0.3993
ABC_R2H0_7_A	2	53.5911	22.9633	0.4104
ABC_R2H0_7_B	2	53.5470	20.3967	0.3951
ABC_R2H0_7_C	2	44.7979	20.6222	0.3924
ABC_R2H0_7_D	2	44.9342	23.1798	0.3994
ABC_R2H0_8	2	39.0971	22.1350	0.4079
ABC_R2H0_8_A	2	43.4761	23.2345	0.4208
ABC_R2H0_8_B	2	43.4090	20.6791	0.4007
ABC_R2H0_8_C	2	34.6641	21.0224	0.4045
ABC_R2H0_8_D	2	34.8394	23.6042	0.4057
ABC_R2H0_9	2	28.9645	22.5976	0.4047
ABC_R2H0_9_A	2	33.3817	23.6302	0.4149
ABC_R2H0_9_B	2	33.2590	21.0705	0.4046
ABC_R2H0_9_C	2	24.4992	21.5662	0.3988
ABC_R2H0_9_d	2	24.7181	24.1235	0.4005
HCC_R2H0_2	2	22.6344	7.0218	0.3728
HCC_R2H0_2_A	2	19.7454	4.6825	0.3831
HCC_R2H0_2_B	2	25.6940	4.8207	0.3734
HCC_R2H0_2_C	2	25.4259	9.3928	0.3620
HCC_R2H0_2_D	2	19.6724	9.1913	0.3728
HCC_R2H0_3	2	12.2578	11.6299	0.3806
HCC_R2H0_3_A	2	9.3648	9.2906	0.3841
HCC_R2H0_3_B	2	15.3227	9.4218	0.3776
HCC_R2H0_3_C	2	15.0657	14.0094	0.3750
HCC_R2H0_3_D	2	9.2779	13.7976	0.3858
H_R2H0_0	2	2.9858	11.2063	0.3778
H_R2H0_0_A	2	3.2892	13.5187	0.3727
H_R2H0_0_B	2	3.0973	12.0072	0.3750
H_R2H0_0_C	2	2.9291	10.7593	0.3754
H_R2H0_0_D	2	2.6278	8.5399	0.3880
H_R2H0_1	2	87.3497	12.9328	0.4248
H_R2H0_1_A	2	83.8563	12.7325	0.4215
H_R2H0_1_B	2	86.3803	12.8757	0.4340
H_R2H0_1_C	2	88.1891	13.0266	0.4282
H_R2H0_1_D	2	90.9732	13.0962	0.4155
H_R2H0_2	2	117.8417	16.4101	0.3836
H_R2H0_2_A	2	115.0788	16.0861	0.3927
H_R2H0_2_B	2	115.6804	16.6846	0.3799
H_R2H0_2_C	2	120.0742	16.1273	0.3841
H_R2H0_2_D	2	120.5332	16.7423	0.3778
PB_1	2	123.6535	2.9525	0.4246
PB_1_A	2	123.9296	0.8901	0.4588
PB_1_B	2	123.7554	1.9161	0.4342
PB_1_C	2	123.5416	3.6756	0.4205
PB_1_D	2	123.3873	5.3283	0.3851
PB_2	2	109.7049	11.7906	0.2449
PB_3	2	87.0283	10.4075	0.4540
PB_3_A	2	89.9988	10.5325	0.4332
PB_3_B	2	87.8549	10.4635	0.4617
PB_3_C	2	86.5956	10.3449	0.4673
PB_3_D	2	83.6636	10.2891	0.4538
PB_4	2	85.7594	1.3129	0.5012
PB_4_A	2	84.8704	-0.5152	0.5013
PB_4_B	2	86.8209	-0.4975	0.4936
PB_4_C	2	86.7426	3.0158	0.4956
PB_4_D	2	84.6037	3.2487	0.5143
PB_5	2	59.8374	2.9721	0.4431
#---Other heights:
#Location	Type	X[mm]	Y[mm]	Z[mm]
C1	4	117.7126	9.2761	2.8062
C2	4	118.1183	5.8426	2.8578
C3	4	103.7673	9.9996	2.8621
C4	4	104.2272	1.2684	2.9290
Shield	4	75.4686	1.4135	5.4705
