#---Header
EC or Barrel: EC
Module type: R2
Module ref. Number: 20USEM20000023
Date: 2022-09-09T06:38:43.167629Z
Institute: SFU
Operator: Archa Rajagopalan
Instrument Type: Smartscope Flash 302
Run Number: 6
Measurement program version: v1
#---Positions
#Location	X[mm]	Y[mm]
H_R2H0_P1	4.2012	23.2146
H_R2H0_P2	124.2132	25.8688
PB_P1	81.8897	10.5140
PB_P2	122.3789	1.0963
#---Glue heights:
#Location	Type	X[mm]	Y[mm]	Z[mm]
Sensor	1	9.2084	29.7317	-0.0386
Sensor	1	119.7504	29.8590	0.0383
Sensor	1	4.0000	0.2957	0.0347
Sensor	1	127.2919	0.1767	-0.0344
ABC_R2H0_0	2	120.0062	24.1928	0.3876
ABC_R2H0_0_A	2	124.2034	25.8656	0.3900
ABC_R2H0_0_B	2	124.5295	23.3142	0.3852
ABC_R2H0_0_C	2	115.7160	22.5406	0.3829
ABC_R2H0_0_D	2	115.5759	25.0507	0.3921
ABC_R2H0_1	2	109.9142	23.3350	0.3877
ABC_R2H0_10	2	18.8181	23.2420	0.3366
ABC_R2H0_10_A	2	23.2362	24.1925	0.3404
ABC_R2H0_10_B	2	23.1371	21.6309	0.3331
ABC_R2H0_10_C	2	14.3247	22.3094	0.3312
ABC_R2H0_10_D	2	14.5745	24.8351	0.3418
ABC_R2H0_11	2	8.6992	24.0673	0.3483
ABC_R2H0_11_A	2	13.1358	24.9524	0.3463
ABC_R2H0_11_B	2	12.9819	22.3711	0.3374
ABC_R2H0_11_C	2	4.1889	23.1992	0.3505
ABC_R2H0_11_D	2	4.4904	25.7467	0.3590
ABC_R2H0_1_A	2	114.1386	24.9387	0.3945
ABC_R2H0_1_B	2	114.3986	22.3783	0.3843
ABC_R2H0_1_C	2	105.6019	21.7489	0.3829
ABC_R2H0_1_D	2	105.5179	24.2740	0.3892
ABC_R2H0_2	2	99.8189	22.6603	0.3820
ABC_R2H0_2_A	2	104.0666	24.1922	0.3890
ABC_R2H0_2_B	2	104.2837	21.6187	0.3802
ABC_R2H0_2_C	2	95.4770	21.1307	0.3759
ABC_R2H0_2_D	2	95.4484	23.6997	0.3829
ABC_R2H0_3	2	89.7181	22.1647	0.3776
ABC_R2H0_3_A	2	93.9826	23.6124	0.3841
ABC_R2H0_3_B	2	94.1790	21.0742	0.3751
ABC_R2H0_3_C	2	85.3537	20.7019	0.3688
ABC_R2H0_3_D	2	85.3572	23.2705	0.3823
ABC_R2H0_4	2	79.5940	21.8111	0.3668
ABC_R2H0_4_A	2	83.8974	23.2063	0.3782
ABC_R2H0_4_B	2	84.0248	20.6059	0.3664
ABC_R2H0_4_C	2	75.2040	20.4324	0.3565
ABC_R2H0_4_D	2	75.2496	22.9996	0.3661
ABC_R2H0_5	2	69.4665	21.6225	0.3603
ABC_R2H0_5_A	2	73.7816	22.9432	0.3650
ABC_R2H0_5_B	2	73.8907	20.3640	0.3572
ABC_R2H0_5_C	2	65.0589	20.3205	0.3570
ABC_R2H0_5_D	2	65.1348	22.8624	0.3620
ABC_R2H0_6	2	59.3417	21.6241	0.3538
ABC_R2H0_6_A	2	63.6835	22.8719	0.3612
ABC_R2H0_6_B	2	63.7413	20.2970	0.3494
ABC_R2H0_6_C	2	54.9116	20.3899	0.3462
ABC_R2H0_6_D	2	55.0302	22.9377	0.3584
ABC_R2H0_7	2	49.2041	21.7669	0.3500
ABC_R2H0_7_A	2	53.5599	22.9487	0.3564
ABC_R2H0_7_B	2	53.5770	20.3513	0.3460
ABC_R2H0_7_C	2	44.7526	20.6144	0.3429
ABC_R2H0_7_D	2	44.9269	23.1531	0.3547
ABC_R2H0_8	2	39.0732	22.0910	0.3454
ABC_R2H0_8_A	2	43.4542	23.1926	0.3550
ABC_R2H0_8_B	2	43.4248	20.6156	0.3418
ABC_R2H0_8_C	2	34.6057	21.0120	0.3365
ABC_R2H0_8_D	2	34.8080	23.5438	0.3481
ABC_R2H0_9	2	28.9487	22.5810	0.3408
ABC_R2H0_9_A	2	33.3489	23.6111	0.3467
ABC_R2H0_9_B	2	33.2685	21.0452	0.3370
ABC_R2H0_9_C	2	24.4641	21.5678	0.3357
ABC_R2H0_9_D	2	24.7134	24.0998	0.3438
HCC_R2H0_2	2	22.6426	7.0035	0.2743
HCC_R2H0_2_A	2	25.4787	9.4180	0.2773
HCC_R2H0_2_B	2	25.6915	4.7937	0.2668
HCC_R2H0_2_C	2	19.7687	4.6517	0.2763
HCC_R2H0_2_D	2	19.6317	9.1506	0.2767
HCC_R2H0_3	2	12.2680	11.6050	0.2848
HCC_R2H0_3_A	2	15.0937	13.9987	0.2922
HCC_R2H0_3_B	2	15.3085	9.4011	0.2777
HCC_R2H0_3_C	2	9.4167	9.2565	0.2782
HCC_R2H0_3_D	2	9.2530	13.7637	0.2910
H_R2H0_0	2	2.7624	10.6480	0.2599
H_R2H0_0_A	2	2.5397	8.2780	0.2603
H_R2H0_0_B	2	2.6245	9.7848	0.2579
H_R2H0_0_C	2	2.7499	11.0252	0.2578
H_R2H0_0_D	2	3.1353	13.5040	0.2637
H_R2H0_1	2	87.5114	12.7990	0.3808
H_R2H0_1_A	2	83.8900	12.6393	0.3792
H_R2H0_1_B	2	87.1314	12.7775	0.3835
H_R2H0_1_C	2	87.9062	12.8168	0.3826
H_R2H0_1_D	2	91.1179	12.9625	0.3779
H_R2H0_2	2	117.8075	16.3998	0.3763
H_R2H0_2_A	2	115.1742	16.1907	0.3785
H_R2H0_2_B	2	115.5584	16.6208	0.3743
H_R2H0_2_C	2	120.0049	16.1189	0.3771
H_R2H0_2_D	2	120.4925	16.6687	0.3751
PB_1	2	123.4709	5.6696	0.3357
PB_1_A	2	123.5942	1.4326	0.3935
PB_1_B	2	123.5923	1.4325	0.4011
PB_1_C	2	123.2627	7.0995	0.3240
PB_1_D	2	123.4342	12.7137	0.2241
PB_2	2	109.6856	11.8188	0.2274
PB_3	2	87.1054	10.4319	0.4054
PB_3_A	2	83.2122	10.1803	0.4047
PB_3_B	2	86.7256	10.4504	0.4232
PB_3_C	2	87.6800	10.4866	0.4181
PB_3_D	2	90.8037	10.6103	0.3756
PB_4	2	85.8721	1.3793	0.4365
PB_4_A	2	86.9725	3.9502	0.4292
PB_4_B	2	87.4092	-1.0199	0.4248
PB_4_C	2	84.6628	-1.1959	0.4320
PB_4_D	2	84.4439	3.7828	0.4601
PB_5	2	60.2919	2.8809	0.3813
#---Other heights:
#Location	Type	X[mm]	Y[mm]	Z[mm]
C1	4	118.1092	5.7792	2.8145
C2	4	117.8791	9.2535	2.7704
C3	4	104.0009	10.0110	2.8227
C4	4	104.4876	1.4813	2.8670
Shield_A	4	63.1653	-1.4207	5.5121
Shield_B	4	68.5389	-0.9572	5.4689
Shield_C	4	76.5597	-0.8375	5.5598
Shield_D	4	63.0882	5.5414	5.4805
Shield_E	4	72.1016	5.7224	5.3253
Shield_F	4	76.5975	5.2787	5.4370
