#---Header
EC or Barrel: EC
Module type: R2
Module ref. Number: 20USEM2000002
Date: 2022-08-03T19:57:18.931504Z
Institute: SFU
Operator: old
Instrument Type: Smartscope Flash 302
Run Number: 1
Measurement program version: v1
#---Positions
#Location	X[mm]	Y[mm]
H_R2H0_P1	4.2889	23.1310
H_R2H0_P2	124.2154	25.8687
PB_P1	81.9121	10.4851
PB_P2	122.2824	1.1503
#---Glue heights:
#Location	Type	X[mm]	Y[mm]	Z[mm]
Sensor	1	9.1002	28.8742	-0.0021
Sensor	1	19.1289	28.0551	0.0011
Sensor	1	29.1669	27.4025	0.0004
Sensor	1	39.2112	26.9154	0.0022
Sensor	1	49.2698	26.5926	0.0010
Sensor	1	59.3282	26.4369	0.0002
Sensor	1	69.3869	26.4446	-0.0032
Sensor	1	79.4449	26.6224	-0.0007
Sensor	1	89.4990	26.9621	0.0003
Sensor	1	99.5463	27.4689	-0.0006
Sensor	1	109.5821	28.1398	0.0014
Sensor	1	119.6071	28.9773	-0.0000
ABC_R2H0_0	2	120.0029	24.2063	0.3742
ABC_R2H0_0_A	2	124.2062	25.8743	0.3637
ABC_R2H0_0_B	2	124.5008	23.3404	0.3761
ABC_R2H0_0_C	2	115.7228	22.5502	0.3839
ABC_R2H0_0_D	2	115.5818	25.0605	0.3730
ABC_R2H0_1	2	109.9194	23.3445	0.3846
ABC_R2H0_10	2	18.8236	23.2377	0.4013
ABC_R2H0_10_A	2	23.2416	24.1892	0.3917
ABC_R2H0_10_B	2	23.1427	21.6277	0.4052
ABC_R2H0_10_C	2	14.3307	22.3050	0.4083
ABC_R2H0_10_D	2	14.5793	24.8289	0.3998
ABC_R2H0_11	2	8.7059	24.0587	0.4209
ABC_R2H0_11_A	2	13.1423	24.9472	0.4086
ABC_R2H0_11_B	2	12.9893	22.3558	0.4201
ABC_R2H0_11_C	2	4.1910	23.1919	0.4367
ABC_R2H0_11_D	2	4.5011	25.7401	0.4184
ABC_R2H0_1_A	2	114.1442	24.9483	0.3801
ABC_R2H0_1_B	2	114.4027	22.3891	0.3854
ABC_R2H0_1_C	2	105.6075	21.7583	0.3928
ABC_R2H0_1_D	2	105.5232	24.2825	0.3801
ABC_R2H0_2	2	99.8240	22.6673	0.3893
ABC_R2H0_2_A	2	104.0703	24.2007	0.3874
ABC_R2H0_2_B	2	104.2887	21.6253	0.3911
ABC_R2H0_2_C	2	95.4837	21.1376	0.3952
ABC_R2H0_2_D	2	95.4533	23.7056	0.3833
ABC_R2H0_3	2	89.7236	22.1700	0.3901
ABC_R2H0_3_A	2	93.9872	23.6195	0.3824
ABC_R2H0_3_B	2	94.1854	21.0810	0.3958
ABC_R2H0_3_C	2	85.3596	20.7069	0.3954
ABC_R2H0_3_D	2	85.3622	23.2728	0.3866
ABC_R2H0_4	2	79.5992	21.8159	0.3940
ABC_R2H0_4_A	2	83.9037	23.2118	0.3859
ABC_R2H0_4_B	2	84.0300	20.6119	0.3971
ABC_R2H0_4_C	2	75.2084	20.4364	0.4009
ABC_R2H0_4_D	2	75.2547	23.0035	0.3922
ABC_R2H0_5	2	69.4709	21.6262	0.3964
ABC_R2H0_5_A	2	73.7850	22.9476	0.3970
ABC_R2H0_5_B	2	73.8950	20.3694	0.4039
ABC_R2H0_5_C	2	65.0635	20.3236	0.3993
ABC_R2H0_5_D	2	65.1401	22.8640	0.3855
ABC_R2H0_6	2	59.3462	21.6257	0.3923
ABC_R2H0_6_A	2	63.6870	22.8748	0.3906
ABC_R2H0_6_B	2	63.7460	20.2988	0.3936
ABC_R2H0_6_C	2	54.9167	20.3917	0.3985
ABC_R2H0_6_D	2	55.0352	22.9374	0.3866
ABC_R2H0_7	2	49.2097	21.7684	0.3940
ABC_R2H0_7_A	2	53.5662	22.9504	0.3916
ABC_R2H0_7_B	2	53.5827	20.3533	0.3946
ABC_R2H0_7_C	2	44.7577	20.6152	0.4021
ABC_R2H0_7_D	2	44.9323	23.1547	0.3878
ABC_R2H0_8	2	39.0794	22.0897	0.3972
ABC_R2H0_8_A	2	43.4587	23.1919	0.3963
ABC_R2H0_8_B	2	43.4301	20.6148	0.4015
ABC_R2H0_8_C	2	34.6140	21.0107	0.4014
ABC_R2H0_8_D	2	34.8147	23.5412	0.3895
ABC_R2H0_9	2	28.9530	22.5788	0.3953
ABC_R2H0_9_A	2	33.3529	23.6094	0.3899
ABC_R2H0_9_B	2	33.2729	21.0447	0.3992
ABC_R2H0_9_C	2	24.4671	21.5657	0.4031
ABC_R2H0_9_D	2	24.7192	24.0956	0.3888
HCC_R2H0_2	2	22.6148	6.9996	0.4513
HCC_R2H0_2_A	2	25.4003	9.4134	0.4331
HCC_R2H0_2_B	2	25.7010	4.7921	0.4547
HCC_R2H0_2_C	2	19.7313	4.6564	0.4739
HCC_R2H0_2_D	2	19.6267	9.1367	0.4434
HCC_R2H0_3	2	12.2293	11.5970	0.4386
HCC_R2H0_3_A	2	15.0267	14.0002	0.4263
HCC_R2H0_3_B	2	15.3146	9.3962	0.4453
HCC_R2H0_3_C	2	9.3294	9.2596	0.4483
HCC_R2H0_3_D	2	9.2463	13.7321	0.4346
H_R2H0_0	2	2.8968	10.6093	0.4339
H_R2H0_0_A	2	2.6166	8.2444	0.4536
H_R2H0_0_B	2	2.8574	9.7429	0.4371
H_R2H0_0_C	2	2.9336	10.9823	0.4262
H_R2H0_0_D	2	3.1797	13.4678	0.4187
H_R2H0_1	2	87.5195	12.8078	0.4703
H_R2H0_1_A	2	83.9010	12.6457	0.4646
H_R2H0_1_B	2	87.1376	12.7948	0.4709
H_R2H0_1_C	2	87.9137	12.8220	0.4767
H_R2H0_1_D	2	91.1255	12.9688	0.4689
H_R2H0_2	2	117.8009	16.3810	0.4215
H_R2H0_2_A	2	115.0142	15.9828	0.4351
H_R2H0_2_B	2	115.6178	16.7435	0.4156
H_R2H0_2_C	2	119.9822	16.0169	0.4214
H_R2H0_2_D	2	120.5895	16.7809	0.4141
PB_1	2	123.4431	6.6652	0.4376
PB_1_A	2	123.6024	1.4418	0.5499
PB_1_B	2	123.4691	5.3802	0.4704
PB_1_C	2	123.2660	7.1110	0.4387
PB_1_D	2	123.4348	12.7277	0.2915
PB_2	2	109.6700	11.8292	0.2958
PB_3	2	87.1074	10.4257	0.5123
PB_3_A	2	83.2164	10.1615	0.5202
PB_3_B	2	86.7273	10.4466	0.5278
PB_3_C	2	87.6809	10.4845	0.5210
PB_3_D	2	90.8050	10.6104	0.4804
PB_4	2	85.8783	1.3777	0.6006
PB_4_A	2	86.9789	3.9489	0.5750
PB_4_B	2	87.4146	-1.0196	0.6032
PB_4_C	2	84.6712	-1.1973	0.6156
PB_4_D	2	84.4484	3.7785	0.6086
PB_5	2	60.2955	2.8707	0.5475
#---Other heights:
#Location	Type	X[mm]	Y[mm]	Z[mm]
C1	4	118.1100	5.7915	2.9384
C2	4	117.8807	9.2659	2.8725
C3	4	104.0019	10.0164	2.9211
C4	4	104.4928	1.4893	3.0299
Shield_A	4	63.1722	-1.4348	5.7139
Shield_B	4	68.5452	-0.9666	5.6694
Shield_C	4	76.5646	-0.8457	5.7496
Shield_D	4	63.0908	5.5287	5.6313
Shield_E	4	72.1050	5.7125	5.4620
Shield_F	4	76.6004	5.2713	5.5801
