#---Header
EC or Barrel: EC
Module type: R2
Module ref. Number: 20USEM20000023SRLBiggerFocusArea
Date: 2022-09-01T23:12:19.994487Z
Institute: SFU
Operator: AR
Instrument Type: Smartscope Flash 302
Run Number: 09012
Measurement program version: v1
#---Positions
#Location	X[mm]	Y[mm]
H_R2H0_P1	4.2028	23.2141
H_R2H0_P2	124.2115	25.8686
PB_P1	81.8897	10.5138
PB_P2	122.3750	1.0961
#---Glue heights:
#Location	Type	X[mm]	Y[mm]	Z[mm]
Sensor	1	9.2166	29.7328	0.0003
Sensor	1	19.2306	28.9137	-0.0011
Sensor	1	29.0992	28.2741	0.0002
Sensor	1	39.2844	27.7730	0.0005
Sensor	1	49.3241	27.4475	0.0006
Sensor	1	59.3584	27.3017	0.0007
Sensor	1	69.3889	27.2963	-0.0013
Sensor	1	79.4192	27.4698	-0.0006
Sensor	1	89.5944	27.8187	0.0006
Sensor	1	99.6045	28.3201	0.0002
Sensor	1	109.6025	29.0133	-0.0004
Sensor	1	119.7405	29.8491	0.0003
ABC_R2H0_0	2	120.0068	24.1905	0.3459
ABC_R2H0_0_A	2	124.2029	25.8625	0.3432
ABC_R2H0_0_B	2	124.5299	23.3144	0.3415
ABC_R2H0_0_C	2	115.7175	22.5378	0.3449
ABC_R2H0_0_D	2	115.5771	25.0473	0.3541
ABC_R2H0_1	2	109.9150	23.3331	0.3537
ABC_R2H0_10	2	18.8193	23.2409	0.3693
ABC_R2H0_10_A	2	23.2371	24.1920	0.3685
ABC_R2H0_10_B	2	23.1382	21.6300	0.3643
ABC_R2H0_10_C	2	14.3263	22.3086	0.3675
ABC_R2H0_10_D	2	14.5755	24.8330	0.3768
ABC_R2H0_11	2	8.7001	24.0663	0.3882
ABC_R2H0_11_A	2	13.1368	24.9520	0.3824
ABC_R2H0_11_B	2	12.9826	22.3703	0.3734
ABC_R2H0_11_C	2	4.1889	23.1975	0.3948
ABC_R2H0_11_D	2	4.4922	25.7452	0.4020
ABC_R2H0_1_A	2	114.1392	24.9374	0.3559
ABC_R2H0_1_B	2	114.3993	22.3771	0.3478
ABC_R2H0_1_C	2	105.6027	21.7457	0.3517
ABC_R2H0_1_D	2	105.5188	24.2723	0.3595
ABC_R2H0_2	2	99.8198	22.6588	0.3568
ABC_R2H0_2_A	2	104.0677	24.1909	0.3590
ABC_R2H0_2_B	2	104.2842	21.6164	0.3525
ABC_R2H0_2_C	2	95.4782	21.1307	0.3547
ABC_R2H0_2_D	2	95.4492	23.6973	0.3612
ABC_R2H0_3	2	89.7186	22.1634	0.3594
ABC_R2H0_3_A	2	93.9823	23.6114	0.3627
ABC_R2H0_3_B	2	94.1795	21.0729	0.3537
ABC_R2H0_3_C	2	85.3551	20.7013	0.3548
ABC_R2H0_3_D	2	85.3574	23.2680	0.3664
ABC_R2H0_4	2	79.5946	21.8096	0.3572
ABC_R2H0_4_A	2	83.8978	23.2053	0.3628
ABC_R2H0_4_B	2	84.0256	20.6048	0.3542
ABC_R2H0_4_C	2	75.2045	20.4307	0.3530
ABC_R2H0_4_D	2	75.2507	22.9976	0.3588
ABC_R2H0_5	2	69.4664	21.6218	0.3564
ABC_R2H0_5_A	2	73.7805	22.9424	0.3608
ABC_R2H0_5_B	2	73.8904	20.3631	0.3516
ABC_R2H0_5_C	2	65.0590	20.3206	0.3519
ABC_R2H0_5_D	2	65.1356	22.8610	0.3613
ABC_R2H0_6	2	59.3416	21.6238	0.3606
ABC_R2H0_6_A	2	63.6829	22.8716	0.3620
ABC_R2H0_6_B	2	63.7413	20.2965	0.3514
ABC_R2H0_6_C	2	54.9116	20.3901	0.3595
ABC_R2H0_6_D	2	55.0304	22.9370	0.3696
ABC_R2H0_7	2	49.2048	21.7667	0.3645
ABC_R2H0_7_A	2	53.5616	22.9480	0.3687
ABC_R2H0_7_B	2	53.5776	20.3518	0.3590
ABC_R2H0_7_C	2	44.7534	20.6148	0.3603
ABC_R2H0_7_D	2	44.9268	23.1522	0.3698
ABC_R2H0_8	2	39.0742	22.0899	0.3650
ABC_R2H0_8_A	2	43.4552	23.1918	0.3706
ABC_R2H0_8_B	2	43.4252	20.6159	0.3599
ABC_R2H0_8_C	2	34.6072	21.0114	0.3595
ABC_R2H0_8_D	2	34.8092	23.5405	0.3699
ABC_R2H0_9	2	28.9494	22.5798	0.3666
ABC_R2H0_9_A	2	33.3494	23.6107	0.3690
ABC_R2H0_9_B	2	33.2684	21.0445	0.3607
ABC_R2H0_9_C	2	24.4643	21.5670	0.3640
ABC_R2H0_9_D	2	24.7157	24.0971	0.3727
HCC_R2H0_2	2	22.6065	7.0016	0.3082
HCC_R2H0_2_A	2	25.3888	9.4175	0.3062
HCC_R2H0_2_B	2	25.6937	4.7935	0.2987
HCC_R2H0_2_C	2	19.7237	4.6590	0.3126
HCC_R2H0_2_D	2	19.6197	9.1364	0.3151
HCC_R2H0_3	2	12.2235	11.6024	0.3261
HCC_R2H0_3_A	2	15.0211	14.0035	0.3308
HCC_R2H0_3_B	2	15.3083	9.4018	0.3165
HCC_R2H0_3_C	2	9.3249	9.2642	0.3218
HCC_R2H0_3_D	2	9.2399	13.7402	0.3352
H_R2H0_0	2	2.7645	10.6470	0.3125
H_R2H0_0_A	2	2.5413	8.2786	0.3117
H_R2H0_0_B	2	2.6273	9.7821	0.3101
H_R2H0_0_C	2	2.7518	11.0238	0.3158
H_R2H0_0_D	2	3.1374	13.5033	0.3125
H_R2H0_1	2	87.5118	12.7980	0.3689
H_R2H0_1_A	2	83.8909	12.6392	0.3705
H_R2H0_1_B	2	87.1318	12.7763	0.3736
H_R2H0_1_C	2	87.9073	12.8155	0.3695
H_R2H0_1_D	2	91.1174	12.9612	0.3621
H_R2H0_2	2	117.8078	16.3980	0.3413
H_R2H0_2_A	2	115.1740	16.1896	0.3453
H_R2H0_2_B	2	115.5590	16.6184	0.3425
H_R2H0_2_C	2	120.0053	16.1173	0.3393
H_R2H0_2_D	2	120.4931	16.6665	0.3381
PB_1	2	123.4702	5.6666	0.2994
PB_1_A	2	123.5918	1.4285	0.3590
PB_1_B	2	123.5897	1.4336	0.3590
PB_1_C	2	123.2633	7.0945	0.2949
PB_1_D	2	123.4358	12.7096	0.1847
PB_2	2	109.6874	11.8183	0.1974
PB_3	2	87.1076	10.4332	0.3926
PB_3_A	2	83.2150	10.1828	0.3949
PB_3_B	2	86.7269	10.4520	0.4101
PB_3_C	2	87.6821	10.4874	0.4050
PB_3_D	2	90.8063	10.6107	0.3605
PB_4	2	85.8725	1.3814	0.4295
PB_4_A	2	86.9725	3.9521	0.4209
PB_4_B	2	87.4093	-1.0167	0.4171
PB_4_C	2	84.6636	-1.1933	0.4283
PB_4_D	2	84.4447	3.7836	0.4518
PB_5	2	60.2937	2.8878	0.4047
#---Other heights:
#Location	Type	X[mm]	Y[mm]	Z[mm]
C1	4	118.1110	5.7768	2.7803
C2	4	117.8803	9.2518	2.7371
C3	4	104.0027	10.0106	2.7977
C4	4	104.4880	1.4819	2.8466
Shield_A	4	63.1649	-1.4194	5.5205
Shield_B	4	68.5389	-0.9546	5.4823
Shield_C	4	76.5592	-0.8360	5.5729
Shield_D	4	63.0891	5.5444	5.4866
Shield_E	4	72.1019	5.7256	5.3213
Shield_F	4	76.5979	5.2807	5.4397
