#---Header
EC or Barrel: EC
Module type: R1
Module ref. Number: 20USEM10000008
Date: 2022-07-12T17:41:01.088768Z
Institute: SFU
Operator: Peter Speers
Instrument Type: Smartscope Flash 302
Run Number: 2
Measurement program version: v1
#---Positions
#Location	X[mm]	Y[mm]
H_R1H0_P1	8.0311	58.4619
H_R1H0_P2	108.6551	61.3010
H_R1H1_P1	3.5837	20.5448
H_R1H1_P2	111.7001	23.1431
PB_P1	70.9379	44.7854
PB_P2	107.2962	33.7428
#---Glue heights:
#Location	Type	X[mm]	Y[mm]	Z[mm]
Sensor	1	13.5418	63.6939	0.0027
Sensor	1	24.2837	62.8692	0.0031
Sensor	1	34.0970	62.2863	-0.0009
Sensor	1	44.1400	61.8952	-0.0015
Sensor	1	54.3518	62.5454	-0.0038
Sensor	1	64.0203	62.2202	-0.0019
Sensor	1	74.1655	62.0661	-0.0018
Sensor	1	83.5296	62.8552	0.0002
Sensor	1	94.5313	63.9284	0.0012
Sensor	1	104.1460	64.6519	0.0019
Sensor	1	107.6728	16.6584	0.0028
Sensor	1	97.8572	16.2193	0.0034
Sensor	1	86.8472	15.4414	-0.0003
Sensor	1	77.2234	14.4909	-0.0021
Sensor	1	67.4543	14.6999	-0.0007
Sensor	1	57.5708	14.2691	-0.0029
Sensor	1	48.0212	14.7056	-0.0026
Sensor	1	37.4911	15.2935	-0.0022
Sensor	1	27.4877	15.7260	0.0009
Sensor	1	17.2721	16.2593	0.0029
Sensor	1	7.7505	17.2412	0.0015
ABC_R1H0_1	2	104.3945	59.5926	0.3625
ABC_R1H0_10	2	12.5150	59.3486	0.3747
ABC_R1H0_10_A	2	16.9688	60.2519	0.3792
ABC_R1H0_10_B	2	16.7650	57.6816	0.3767
ABC_R1H0_10_C	2	8.0132	58.4539	0.3745
ABC_R1H0_10_D	2	8.3130	61.0072	0.3684
ABC_R1H0_1_A	2	108.6178	61.2650	0.3582
ABC_R1H0_1_B	2	108.8743	58.7137	0.3577
ABC_R1H0_1_C	2	100.1336	57.9288	0.3666
ABC_R1H0_1_D	2	99.9521	60.4629	0.3676
ABC_R1H0_2	2	94.2936	58.7848	0.3708
ABC_R1H0_2_A	2	98.5338	60.3639	0.3749
ABC_R1H0_2_B	2	98.7551	57.7980	0.3724
ABC_R1H0_2_C	2	89.9882	57.2130	0.3638
ABC_R1H0_2_D	2	89.8971	59.7645	0.3719
ABC_R1H0_3	2	84.1184	58.1509	0.3749
ABC_R1H0_3_A	2	88.4121	59.6480	0.3755
ABC_R1H0_3_B	2	88.5736	57.0830	0.3679
ABC_R1H0_3_C	2	79.7864	56.6589	0.3751
ABC_R1H0_3_D	2	79.7015	59.2136	0.3813
ABC_R1H0_4	2	73.9311	57.7167	0.3798
ABC_R1H0_4_A	2	78.2559	59.1425	0.3869
ABC_R1H0_4_B	2	78.3541	56.5722	0.3822
ABC_R1H0_4_C	2	69.5860	56.3004	0.3739
ABC_R1H0_4_D	2	69.5285	58.8517	0.3764
ABC_R1H0_5	2	63.7527	57.4891	0.3796
ABC_R1H0_5_A	2	68.0955	58.8195	0.3851
ABC_R1H0_5_B	2	68.1474	56.2518	0.3798
ABC_R1H0_5_C	2	59.3802	56.1789	0.3747
ABC_R1H0_5_D	2	59.3877	58.7062	0.3788
ABC_R1H0_6	2	53.5664	57.4547	0.3826
ABC_R1H0_6_A	2	57.9379	58.6876	0.3842
ABC_R1H0_6_B	2	57.9442	56.1424	0.3797
ABC_R1H0_6_C	2	49.1690	56.2146	0.3800
ABC_R1H0_6_D	2	49.2147	58.7743	0.3867
ABC_R1H0_7	2	43.3665	57.6317	0.3845
ABC_R1H0_7_A	2	47.7568	58.7952	0.3892
ABC_R1H0_7_B	2	47.7189	56.2182	0.3817
ABC_R1H0_7_C	2	38.9614	56.4802	0.3802
ABC_R1H0_7_D	2	39.0288	59.0332	0.3868
ABC_R1H0_8	2	33.1769	58.0012	0.3825
ABC_R1H0_8_A	2	37.5990	59.0708	0.3903
ABC_R1H0_8_B	2	37.4937	56.5046	0.3836
ABC_R1H0_8_C	2	28.7275	56.9376	0.3774
ABC_R1H0_8_D	2	28.8874	59.4915	0.3788
ABC_R1H0_9	2	23.0025	58.5680	0.3773
ABC_R1H0_9_A	2	27.4364	59.5629	0.3823
ABC_R1H0_9_B	2	27.3079	56.9748	0.3785
ABC_R1H0_9_C	2	18.5332	57.6022	0.3748
ABC_R1H0_9_D	2	18.7324	60.1323	0.3737
ABC_R1H1_0	2	14.0089	21.0541	0.3730
ABC_R1H1_0_A	2	3.5807	20.5508	0.3671
ABC_R1H1_0_B	2	3.8037	23.1075	0.3652
ABC_R1H1_0_C	2	12.5336	22.2891	0.3756
ABC_R1H1_0_D	2	12.2333	19.7620	0.3788
ABC_R1H1_1	2	17.9758	20.6298	0.3783
ABC_R1H1_10	2	107.4406	21.4892	0.3641
ABC_R1H1_10_A	2	103.2136	19.8191	0.3738
ABC_R1H1_10_B	2	102.9505	22.3879	0.3627
ABC_R1H1_10_C	2	111.7013	23.1404	0.3578
ABC_R1H1_10_D	2	111.8970	20.6095	0.3622
ABC_R1H1_1_A	2	13.5393	19.6735	0.3810
ABC_R1H1_1_B	2	13.6932	22.2402	0.3773
ABC_R1H1_1_C	2	22.4374	21.5721	0.3769
ABC_R1H1_1_D	2	22.2333	19.0334	0.3778
ABC_R1H1_2	2	27.9392	20.0070	0.3779
ABC_R1H1_2_A	2	23.5032	18.9664	0.3767
ABC_R1H1_2_B	2	23.6449	21.5339	0.3769
ABC_R1H1_2_C	2	32.3873	21.0412	0.3780
ABC_R1H1_2_D	2	32.2213	18.4866	0.3801
ABC_R1H1_3	2	37.8930	19.5611	0.3784
ABC_R1H1_3_A	2	33.4837	18.4565	0.3782
ABC_R1H1_3_B	2	33.5729	21.0162	0.3775
ABC_R1H1_3_C	2	42.3158	20.6484	0.3763
ABC_R1H1_3_D	2	42.1997	18.1234	0.3816
ABC_R1H1_4	2	47.8229	19.2957	0.3774
ABC_R1H1_4_A	2	43.4388	18.1019	0.3804
ABC_R1H1_4_B	2	43.4767	20.6603	0.3774
ABC_R1H1_4_C	2	52.2386	20.4783	0.3725
ABC_R1H1_4_D	2	52.1373	17.9423	0.3792
ABC_R1H1_5	2	57.7905	19.2037	0.3765
ABC_R1H1_5_A	2	53.4392	17.9268	0.3808
ABC_R1H1_5_B	2	53.4136	20.5031	0.3744
ABC_R1H1_5_C	2	62.1718	20.4643	0.3723
ABC_R1H1_5_D	2	62.1375	17.9205	0.3787
ABC_R1H1_6	2	67.7438	19.3112	0.3756
ABC_R1H1_6_A	2	63.3982	17.9429	0.3798
ABC_R1H1_6_B	2	63.3338	20.5246	0.3698
ABC_R1H1_6_C	2	72.1022	20.6710	0.3731
ABC_R1H1_6_D	2	72.1412	18.1064	0.3798
ABC_R1H1_7	2	77.6907	19.5921	0.3752
ABC_R1H1_7_A	2	73.3718	18.1612	0.3823
ABC_R1H1_7_B	2	73.2605	20.7334	0.3722
ABC_R1H1_7_C	2	82.0205	21.0225	0.3719
ABC_R1H1_7_D	2	82.1099	18.4515	0.3746
ABC_R1H1_8	2	87.6192	20.0436	0.3737
ABC_R1H1_8_A	2	83.3303	18.5337	0.3764
ABC_R1H1_8_B	2	83.1749	21.0988	0.3743
ABC_R1H1_8_C	2	91.9277	21.5458	0.3704
ABC_R1H1_8_D	2	92.0440	18.9959	0.3740
ABC_R1H1_9	2	97.5469	20.6775	0.3712
ABC_R1H1_9_A	2	93.2955	19.0906	0.3772
ABC_R1H1_9_B	2	93.0839	21.6487	0.3709
ABC_R1H1_9_C	2	101.8287	22.2605	0.3642
ABC_R1H1_9_D	2	101.9794	19.7100	0.3726
HCC_R1H0_4	2	16.2274	47.0834	0.3692
HCC_R1H0_4_A	2	19.0402	49.4655	0.3627
HCC_R1H0_4_B	2	19.2854	44.8760	0.3762
HCC_R1H0_4_C	2	13.3609	44.7395	0.3744
HCC_R1H0_4_D	2	13.2232	49.2528	0.3635
HCC_R1H1_5	2	14.5397	32.8440	0.3511
HCC_R1H1_5_A	2	17.3586	35.2371	0.3288
HCC_R1H1_5_B	2	17.5767	30.6543	0.3494
HCC_R1H1_5_C	2	11.6883	30.4999	0.3670
HCC_R1H1_5_D	2	11.5355	34.9848	0.3592
H_R1H0_0	2	6.9930	46.5849	0.3318
H_R1H0_0_A	2	6.7607	44.7210	0.3231
H_R1H0_0_B	2	6.9136	45.9406	0.3286
H_R1H0_0_C	2	7.0719	47.2223	0.3363
H_R1H0_0_D	2	7.2257	48.4557	0.3394
H_R1H0_1	2	75.9678	47.8323	0.4188
H_R1H0_1_A	2	79.6195	48.0053	0.3972
H_R1H0_1_B	2	76.3059	47.8215	0.4274
H_R1H0_1_C	2	75.6494	47.8263	0.4297
H_R1H0_1_D	2	72.2965	47.6761	0.4208
H_R1H0_2	2	103.5728	50.1099	0.4481
H_R1H0_2_A	2	105.9976	50.5943	0.4808
H_R1H0_2_B	2	105.3745	49.9574	0.4247
H_R1H0_2_C	2	101.8004	50.3091	0.4520
H_R1H0_2_D	2	101.1187	49.5789	0.4349
H_R1H1_0	2	5.3852	33.7895	0.3060
H_R1H1_0_A	2	5.6175	35.6584	0.2993
H_R1H1_0_B	2	5.4583	34.3906	0.3060
H_R1H1_0_C	2	5.3092	33.1713	0.3089
H_R1H1_0_D	2	5.1555	31.9374	0.3098
H_R1H1_1	2	77.0733	29.4287	0.3696
H_R1H1_1_A	2	80.7586	29.5735	0.3616
H_R1H1_1_B	2	77.4248	29.4440	0.3701
H_R1H1_1_C	2	76.7504	29.4056	0.3711
H_R1H1_1_D	2	73.3593	29.2916	0.3754
H_R1H1_2	2	106.4612	30.6621	0.3826
H_R1H1_2_A	2	108.6386	30.9389	0.3817
H_R1H1_2_B	2	108.0099	30.3725	0.3597
H_R1H1_2_C	2	104.8714	30.9517	0.3945
H_R1H1_2_D	2	104.3249	30.3851	0.3946
PB_1	2	108.3244	39.7283	0.4410
PB_1_A	2	108.5815	33.6942	0.4498
PB_1_B	2	108.3193	38.2234	0.4450
PB_1_C	2	108.1408	39.9356	0.4361
PB_1_D	2	108.2559	47.0602	0.4332
PB_2	2	93.9904	45.2339	0.4188
PB_3	2	75.9058	45.5870	0.4062
PB_3_A	2	79.8644	45.7958	0.3606
PB_3_B	2	76.3431	45.5608	0.4153
PB_3_C	2	75.6881	45.6446	0.4144
PB_3_D	2	71.7276	45.3467	0.4345
PB_4	2	76.9348	32.3022	0.3309
PB_4_A	2	73.2760	32.1068	0.3575
PB_4_B	2	76.5498	32.2913	0.3293
PB_4_C	2	77.1873	32.3047	0.3277
PB_4_D	2	80.7262	32.5060	0.3091
PB_5	2	50.3972	36.4407	0.3839
#---Other heights:
#Location	Type	X[mm]	Y[mm]	Z[mm]
C1	4	102.9640	39.1162	2.9849
C2	4	104.5907	45.7816	2.9737
C3	4	89.8890	42.5688	2.9212
C4	4	90.1326	34.0898	2.8309
Shield_A	4	52.5380	36.2251	5.4910
Shield_B	4	58.0277	33.2151	5.5071
Shield_C	4	66.9649	34.1248	5.5025
Shield_D	4	67.0836	42.3223	5.5608
Shield_E	4	58.5557	41.8685	5.5350
