#---Header
EC or Barrel: EC
Module type: R2
Module ref. Number: 20USEM20000023
Date: 2022-09-01T23:12:17.754963Z
Institute: SFU
Operator: AR
Instrument Type: Smartscope Flash 302
Run Number: 09011
Measurement program version: v1
#---Positions
#Location	X[mm]	Y[mm]
H_R2H0_P1	4.2014	23.2150
H_R2H0_P2	124.2105	25.8690
PB_P1	81.8890	10.5143
PB_P2	122.3738	1.0968
#---Glue heights:
#Location	Type	X[mm]	Y[mm]	Z[mm]
Sensor	1	9.2165	29.7307	0.0009
Sensor	1	19.2299	28.9124	-0.0015
Sensor	1	29.0983	28.2719	-0.0005
Sensor	1	39.2837	27.7717	0.0008
Sensor	1	49.3239	27.4487	0.0004
Sensor	1	59.3582	27.3022	0.0007
Sensor	1	69.3896	27.2961	-0.0005
Sensor	1	79.4183	27.4716	-0.0003
Sensor	1	89.5941	27.8189	-0.0002
Sensor	1	99.6047	28.3205	0.0002
Sensor	1	109.6030	29.0125	-0.0002
Sensor	1	119.7412	29.8498	0.0002
ABC_R2H0_0	2	120.0059	24.1901	0.3468
ABC_R2H0_0_A	2	124.2005	25.8587	0.3446
ABC_R2H0_0_B	2	124.5293	23.3141	0.3418
ABC_R2H0_0_C	2	115.7175	22.5400	0.3468
ABC_R2H0_0_D	2	115.5762	25.0475	0.3539
ABC_R2H0_1	2	109.9155	23.3335	0.3528
ABC_R2H0_10	2	18.8192	23.2407	0.3702
ABC_R2H0_10_A	2	23.2372	24.1919	0.3699
ABC_R2H0_10_B	2	23.1381	21.6298	0.3641
ABC_R2H0_10_C	2	14.3260	22.3083	0.3696
ABC_R2H0_10_D	2	14.5753	24.8328	0.3770
ABC_R2H0_11	2	8.7005	24.0665	0.3890
ABC_R2H0_11_A	2	13.1369	24.9520	0.3825
ABC_R2H0_11_B	2	12.9827	22.3703	0.3743
ABC_R2H0_11_C	2	4.1906	23.1986	0.3965
ABC_R2H0_11_D	2	4.4917	25.7450	0.4029
ABC_R2H0_1_A	2	114.1400	24.9374	0.3561
ABC_R2H0_1_B	2	114.3992	22.3789	0.3481
ABC_R2H0_1_C	2	105.6030	21.7464	0.3510
ABC_R2H0_1_D	2	105.5198	24.2714	0.3561
ABC_R2H0_2	2	99.8195	22.6587	0.3563
ABC_R2H0_2_A	2	104.0680	24.1911	0.3540
ABC_R2H0_2_B	2	104.2844	21.6174	0.3519
ABC_R2H0_2_C	2	95.4773	21.1299	0.3550
ABC_R2H0_2_D	2	95.4484	23.6966	0.3641
ABC_R2H0_3	2	89.7180	22.1639	0.3627
ABC_R2H0_3_A	2	93.9818	23.6122	0.3687
ABC_R2H0_3_B	2	94.1786	21.0727	0.3581
ABC_R2H0_3_C	2	85.3542	20.7014	0.3571
ABC_R2H0_3_D	2	85.3575	23.2695	0.3671
ABC_R2H0_4	2	79.5939	21.8095	0.3580
ABC_R2H0_4_A	2	83.8974	23.2040	0.3639
ABC_R2H0_4_B	2	84.0245	20.6052	0.3556
ABC_R2H0_4_C	2	75.2040	20.4307	0.3525
ABC_R2H0_4_D	2	75.2499	22.9982	0.3599
ABC_R2H0_5	2	69.4662	21.6216	0.3577
ABC_R2H0_5_A	2	73.7807	22.9430	0.3610
ABC_R2H0_5_B	2	73.8902	20.3630	0.3538
ABC_R2H0_5_C	2	65.0585	20.3202	0.3541
ABC_R2H0_5_D	2	65.1355	22.8605	0.3619
ABC_R2H0_6	2	59.3422	21.6234	0.3592
ABC_R2H0_6_A	2	63.6843	22.8711	0.3625
ABC_R2H0_6_B	2	63.7418	20.2952	0.3526
ABC_R2H0_6_C	2	54.9117	20.3909	0.3564
ABC_R2H0_6_D	2	55.0310	22.9364	0.3654
ABC_R2H0_7	2	49.2055	21.7665	0.3641
ABC_R2H0_7_A	2	53.5621	22.9478	0.3672
ABC_R2H0_7_B	2	53.5780	20.3503	0.3570
ABC_R2H0_7_C	2	44.7538	20.6144	0.3611
ABC_R2H0_7_D	2	44.9280	23.1535	0.3709
ABC_R2H0_8	2	39.0742	22.0905	0.3664
ABC_R2H0_8_A	2	43.4556	23.1919	0.3723
ABC_R2H0_8_B	2	43.4250	20.6157	0.3616
ABC_R2H0_8_C	2	34.6069	21.0126	0.3605
ABC_R2H0_8_D	2	34.8092	23.5418	0.3714
ABC_R2H0_9	2	28.9497	22.5808	0.3677
ABC_R2H0_9_A	2	33.3495	23.6107	0.3710
ABC_R2H0_9_B	2	33.2690	21.0461	0.3614
ABC_R2H0_9_C	2	24.4655	21.5677	0.3663
ABC_R2H0_9_D	2	24.7146	24.0987	0.3720
HCC_R2H0_2	2	22.6061	7.0022	0.3120
HCC_R2H0_2_A	2	25.3883	9.4197	0.3105
HCC_R2H0_2_B	2	25.6944	4.7938	0.3033
HCC_R2H0_2_C	2	19.7224	4.6584	0.3167
HCC_R2H0_2_D	2	19.6192	9.1369	0.3176
HCC_R2H0_3	2	12.2236	11.6012	0.3283
HCC_R2H0_3_A	2	15.0205	14.0039	0.3327
HCC_R2H0_3_B	2	15.3079	9.3994	0.3201
HCC_R2H0_3_C	2	9.3250	9.2646	0.3247
HCC_R2H0_3_D	2	9.2409	13.7369	0.3358
H_R2H0_0	2	2.8899	10.6217	0.3102
H_R2H0_0_A	2	2.6137	8.2737	0.3120
H_R2H0_0_B	2	2.8502	9.7494	0.3076
H_R2H0_0_C	2	2.9292	10.9873	0.3079
H_R2H0_0_D	2	3.1667	13.4766	0.3134
H_R2H0_1	2	87.5115	12.8006	0.3688
H_R2H0_1_A	2	83.8903	12.6386	0.3693
H_R2H0_1_B	2	87.1309	12.7875	0.3735
H_R2H0_1_C	2	87.9069	12.8146	0.3707
H_R2H0_1_D	2	91.1180	12.9615	0.3619
H_R2H0_2	2	117.7958	16.3700	0.3405
H_R2H0_2_A	2	115.0083	15.9736	0.3479
H_R2H0_2_B	2	115.6132	16.7327	0.3400
H_R2H0_2_C	2	119.9779	16.0046	0.3389
H_R2H0_2_D	2	120.5840	16.7692	0.3351
PB_1	2	123.4690	5.6641	0.3012
PB_1_A	2	123.5908	1.4250	0.3632
PB_1_B	2	123.5894	1.4276	0.3643
PB_1_C	2	123.2617	7.0938	0.2949
PB_1_D	2	123.4339	12.7101	0.1822
PB_2	2	109.6849	11.8174	0.1937
PB_3	2	87.1054	10.4243	0.3943
PB_3_A	2	83.2130	10.1616	0.3979
PB_3_B	2	86.7246	10.4472	0.4115
PB_3_C	2	87.6798	10.4820	0.4051
PB_3_D	2	90.8042	10.6063	0.3627
PB_4	2	85.8724	1.3774	0.4302
PB_4_A	2	86.9737	3.9494	0.4183
PB_4_B	2	87.4092	-1.0223	0.4174
PB_4_C	2	84.6637	-1.1977	0.4309
PB_4_D	2	84.4431	3.7805	0.4540
PB_5	2	60.2908	2.8790	0.4032
#---Other heights:
#Location	Type	X[mm]	Y[mm]	Z[mm]
C1	4	118.1089	5.7756	2.7825
C2	4	117.8788	9.2497	2.7389
C3	4	104.0003	10.0085	2.8015
C4	4	104.4871	1.4795	2.8521
Shield_A	4	63.1641	-1.4236	5.5290
Shield_B	4	68.5384	-0.9599	5.4930
Shield_C	4	76.5582	-0.8408	5.5631
Shield_D	4	63.0871	5.5365	5.4960
Shield_E	4	72.1009	5.7191	5.3206
Shield_F	4	76.5965	5.2755	5.4364
