#---Header
EC or Barrel: EC
Module type: R2
Module ref. Number: 20USEM20000023OriginalProgramReRun
Date: 2022-09-02T21:34:07.965449Z
Institute: SFU
Operator: ar
Instrument Type: Smartscope Flash 302
Run Number: 09021
Measurement program version: v1
#---Positions
#Location	X[mm]	Y[mm]
H_R2H0_P1	4.1909	23.2156
H_R2H0_P2	124.2002	25.8689
PB_P1	81.8785	10.5146
PB_P2	122.3654	1.0966
#---Glue heights:
#Location	Type	X[mm]	Y[mm]	Z[mm]
Sensor	1	9.2160	29.7312	0.0018
Sensor	1	19.2305	28.9134	-0.0029
Sensor	1	29.0986	28.2723	0.0010
Sensor	1	39.2849	27.7721	-0.0023
Sensor	1	49.3234	27.4473	-0.0005
Sensor	1	59.3580	27.3026	0.0041
Sensor	1	69.3894	27.2958	-0.0014
Sensor	1	79.4179	27.4703	0.0075
Sensor	1	89.5942	27.8199	-0.0055
Sensor	1	99.6052	28.3198	-0.0039
Sensor	1	109.6025	29.0130	-0.0005
Sensor	1	119.7398	29.8503	0.0027
ABC_R2H0_0	2	120.0063	24.1923	0.3182
ABC_R2H0_0_A	2	124.2028	25.8637	0.3203
ABC_R2H0_0_B	2	124.5292	23.3149	0.3106
ABC_R2H0_0_C	2	115.7174	22.5403	0.3138
ABC_R2H0_0_D	2	115.5759	25.0502	0.3282
ABC_R2H0_1	2	109.9150	23.3350	0.3244
ABC_R2H0_10	2	18.8188	23.2408	0.3435
ABC_R2H0_10_A	2	23.2371	24.1915	0.3468
ABC_R2H0_10_B	2	23.1374	21.6306	0.3329
ABC_R2H0_10_C	2	14.3257	22.3078	0.3391
ABC_R2H0_10_D	2	14.5751	24.8333	0.3551
ABC_R2H0_11	2	8.6999	24.0662	0.3639
ABC_R2H0_11_A	2	13.1375	24.9516	0.3595
ABC_R2H0_11_B	2	12.9822	22.3707	0.3442
ABC_R2H0_11_C	2	4.1884	23.1977	0.3675
ABC_R2H0_11_D	2	4.4915	25.7446	0.3845
ABC_R2H0_1_A	2	114.1395	24.9390	0.3310
ABC_R2H0_1_B	2	114.3999	22.3803	0.3142
ABC_R2H0_1_C	2	105.6029	21.7479	0.3185
ABC_R2H0_1_D	2	105.5177	24.2727	0.3341
ABC_R2H0_2	2	99.8201	22.6599	0.3241
ABC_R2H0_2_A	2	104.0684	24.1923	0.3302
ABC_R2H0_2_B	2	104.2841	21.6181	0.3162
ABC_R2H0_2_C	2	95.4786	21.1309	0.3177
ABC_R2H0_2_D	2	95.4493	23.6985	0.3321
ABC_R2H0_3	2	89.7182	22.1644	0.3261
ABC_R2H0_3_A	2	93.9831	23.6128	0.3326
ABC_R2H0_3_B	2	94.1790	21.0726	0.3158
ABC_R2H0_3_C	2	85.3532	20.7024	0.3187
ABC_R2H0_3_D	2	85.3573	23.2699	0.3373
ABC_R2H0_4	2	79.5940	21.8102	0.3220
ABC_R2H0_4_A	2	83.8975	23.2056	0.3319
ABC_R2H0_4_B	2	84.0247	20.6052	0.3127
ABC_R2H0_4_C	2	75.2041	20.4324	0.3144
ABC_R2H0_4_D	2	75.2496	22.9975	0.3290
ABC_R2H0_5	2	69.4663	21.6224	0.3221
ABC_R2H0_5_A	2	73.7811	22.9434	0.3291
ABC_R2H0_5_B	2	73.8895	20.3649	0.3125
ABC_R2H0_5_C	2	65.0588	20.3201	0.3140
ABC_R2H0_5_D	2	65.1356	22.8614	0.3327
ABC_R2H0_6	2	59.3418	21.6234	0.3257
ABC_R2H0_6_A	2	63.6837	22.8715	0.3309
ABC_R2H0_6_B	2	63.7411	20.2958	0.3148
ABC_R2H0_6_C	2	54.9115	20.3905	0.3196
ABC_R2H0_6_D	2	55.0308	22.9357	0.3375
ABC_R2H0_7	2	49.2044	21.7665	0.3294
ABC_R2H0_7_A	2	53.5607	22.9486	0.3365
ABC_R2H0_7_B	2	53.5772	20.3507	0.3160
ABC_R2H0_7_C	2	44.7522	20.6146	0.3238
ABC_R2H0_7_D	2	44.9274	23.1522	0.3414
ABC_R2H0_8	2	39.0739	22.0896	0.3337
ABC_R2H0_8_A	2	43.4549	23.1920	0.3450
ABC_R2H0_8_B	2	43.4253	20.6141	0.3212
ABC_R2H0_8_C	2	34.6070	21.0116	0.3254
ABC_R2H0_8_D	2	34.8085	23.5405	0.3431
ABC_R2H0_9	2	28.9498	22.5803	0.3379
ABC_R2H0_9_A	2	33.3494	23.6107	0.3439
ABC_R2H0_9_B	2	33.2696	21.0456	0.3260
ABC_R2H0_9_C	2	24.4651	21.5664	0.3339
ABC_R2H0_9_D	2	24.7149	24.0986	0.3479
HCC_R2H0_2	2	22.6073	7.0024	0.2316
HCC_R2H0_2_A	2	25.3917	9.4169	0.2383
HCC_R2H0_2_B	2	25.6937	4.7947	0.2141
HCC_R2H0_2_C	2	19.7232	4.6588	0.2289
HCC_R2H0_2_D	2	19.6205	9.1392	0.2450
HCC_R2H0_3	2	12.2241	11.6015	0.2639
HCC_R2H0_3_A	2	15.0208	14.0044	0.2772
HCC_R2H0_3_B	2	15.3090	9.4001	0.2478
HCC_R2H0_3_C	2	9.3258	9.2644	0.2502
HCC_R2H0_3_D	2	9.2409	13.7370	0.2803
H_R2H0_0	2	2.8929	10.6206	0.2423
H_R2H0_0_A	2	2.6093	8.2731	0.2361
H_R2H0_0_B	2	2.8606	9.7478	0.2347
H_R2H0_0_C	2	2.9277	10.9869	0.2425
H_R2H0_0_D	2	3.1739	13.4747	0.2558
H_R2H0_1	2	87.5121	12.8012	0.3040
H_R2H0_1_A	2	83.8917	12.6392	0.3039
H_R2H0_1_B	2	87.1318	12.7886	0.3076
H_R2H0_1_C	2	87.9078	12.8156	0.3062
H_R2H0_1_D	2	91.1171	12.9613	0.2982
H_R2H0_2	2	117.7963	16.3711	0.2876
H_R2H0_2_A	2	115.0088	15.9736	0.2940
H_R2H0_2_B	2	115.6143	16.7334	0.2871
H_R2H0_2_C	2	119.9776	16.0059	0.2853
H_R2H0_2_D	2	120.5843	16.7713	0.2841
PB_1	2	123.4710	5.6670	0.2120
PB_1_A	2	123.5937	1.4271	0.2609
PB_1_B	2	123.5920	1.4340	0.2606
PB_1_C	2	123.2632	7.0956	0.2086
PB_1_D	2	123.4348	12.7113	0.1180
PB_2	2	109.6877	11.8192	0.1215
PB_3	2	87.1066	10.4278	0.3230
PB_3_A	2	83.2148	10.1655	0.3256
PB_3_B	2	86.7259	10.4496	0.3404
PB_3_C	2	87.6804	10.4861	0.3346
PB_3_D	2	90.8051	10.6102	0.2914
PB_4	2	85.8727	1.3805	0.3295
PB_4_A	2	86.9743	3.9527	0.3252
PB_4_B	2	87.4087	-1.0193	0.3087
PB_4_C	2	84.6637	-1.1944	0.3205
PB_4_D	2	84.4439	3.7831	0.3637
PB_5	2	60.2933	2.8840	0.3178
#---Other heights:
#Location	Type	X[mm]	Y[mm]	Z[mm]
C1	4	118.1096	5.7790	2.6974
C2	4	117.8792	9.2512	2.6635
C3	4	104.0026	10.0109	2.7270
C4	4	104.4880	1.4813	2.7507
Shield_A	4	63.1647	-1.4189	5.4173
Shield_B	4	68.5402	-0.9561	5.3838
Shield_C	4	76.5585	-0.8375	5.4572
Shield_D	4	63.0871	5.5417	5.4060
Shield_E	4	72.1007	5.7245	5.2324
Shield_F	4	76.5969	5.2794	5.3494
