#---Header
EC or Barrel: EC
Module type: R2
Module ref. Number: ABClargerfocusarea
Date: 2022-09-02T23:56:15.196641Z
Institute: SFU
Operator: a
Instrument Type: Smartscope Flash 302
Run Number: 1
Measurement program version: v1
#---Positions
#Location	X[mm]	Y[mm]
H_R2H0_P1	4.2057	23.2111
H_R2H0_P2	124.2144	25.8651
PB_P1	81.8929	10.5110
PB_P2	122.3791	1.0927
#---Glue heights:
#Location	Type	X[mm]	Y[mm]	Z[mm]
Sensor	1	9.2173	29.7310	0.0003
Sensor	1	19.2307	28.9139	-0.0005
Sensor	1	29.1028	28.2735	-0.0011
Sensor	1	39.2867	27.7721	0.0013
Sensor	1	49.3235	27.4479	0.0008
Sensor	1	59.3581	27.3015	0.0006
Sensor	1	69.3886	27.2972	-0.0012
Sensor	1	79.4195	27.4703	-0.0006
Sensor	1	89.5942	27.8193	0.0001
Sensor	1	99.6044	28.3203	0.0002
Sensor	1	109.6028	29.0121	-0.0003
Sensor	1	119.7408	29.8511	0.0004
ABC_R2H0_0	2	120.0059	24.1915	0.3502
ABC_R2H0_0_A	2	124.2010	25.8630	0.3492
ABC_R2H0_0_B	2	124.5290	23.3148	0.3453
ABC_R2H0_0_C	2	115.7171	22.5399	0.3499
ABC_R2H0_0_D	2	115.5766	25.0484	0.3564
ABC_R2H0_1	2	109.9144	23.3340	0.3579
ABC_R2H0_10	2	18.8185	23.2404	0.3742
ABC_R2H0_10_A	2	23.2372	24.1913	0.3746
ABC_R2H0_10_B	2	23.1367	21.6297	0.3696
ABC_R2H0_10_C	2	14.3250	22.3072	0.3724
ABC_R2H0_10_D	2	14.5751	24.8333	0.3801
ABC_R2H0_11	2	8.6993	24.0659	0.3920
ABC_R2H0_11_A	2	13.1366	24.9509	0.3853
ABC_R2H0_11_B	2	12.9821	22.3694	0.3797
ABC_R2H0_11_C	2	4.1874	23.1981	0.3977
ABC_R2H0_11_D	2	4.4912	25.7454	0.4055
ABC_R2H0_1_A	2	114.1381	24.9378	0.3600
ABC_R2H0_1_B	2	114.3991	22.3789	0.3506
ABC_R2H0_1_C	2	105.6017	21.7464	0.3579
ABC_R2H0_1_D	2	105.5186	24.2731	0.3630
ABC_R2H0_2	2	99.8194	22.6594	0.3607
ABC_R2H0_2_A	2	104.0668	24.1917	0.3634
ABC_R2H0_2_B	2	104.2841	21.6154	0.3570
ABC_R2H0_2_C	2	95.4784	21.1320	0.3575
ABC_R2H0_2_D	2	95.4485	23.6985	0.3649
ABC_R2H0_3	2	89.7181	22.1636	0.3633
ABC_R2H0_3_A	2	93.9821	23.6112	0.3675
ABC_R2H0_3_B	2	94.1787	21.0734	0.3596
ABC_R2H0_3_C	2	85.3543	20.7013	0.3593
ABC_R2H0_3_D	2	85.3572	23.2686	0.3670
ABC_R2H0_4	2	79.5939	21.8100	0.3615
ABC_R2H0_4_A	2	83.8980	23.2053	0.3655
ABC_R2H0_4_B	2	84.0246	20.6052	0.3601
ABC_R2H0_4_C	2	75.2028	20.4315	0.3573
ABC_R2H0_4_D	2	75.2499	22.9980	0.3632
ABC_R2H0_5	2	69.4656	21.6224	0.3614
ABC_R2H0_5_A	2	73.7804	22.9430	0.3643
ABC_R2H0_5_B	2	73.8895	20.3645	0.3580
ABC_R2H0_5_C	2	65.0581	20.3200	0.3570
ABC_R2H0_5_D	2	65.1344	22.8620	0.3661
ABC_R2H0_6	2	59.3416	21.6233	0.3631
ABC_R2H0_6_A	2	63.6831	22.8712	0.3663
ABC_R2H0_6_B	2	63.7408	20.2956	0.3572
ABC_R2H0_6_C	2	54.9123	20.3898	0.3594
ABC_R2H0_6_D	2	55.0302	22.9366	0.3695
ABC_R2H0_7	2	49.2047	21.7666	0.3665
ABC_R2H0_7_A	2	53.5605	22.9487	0.3693
ABC_R2H0_7_B	2	53.5775	20.3513	0.3601
ABC_R2H0_7_C	2	44.7533	20.6144	0.3636
ABC_R2H0_7_D	2	44.9274	23.1522	0.3728
ABC_R2H0_8	2	39.0734	22.0893	0.3684
ABC_R2H0_8_A	2	43.4543	23.1915	0.3743
ABC_R2H0_8_B	2	43.4253	20.6153	0.3633
ABC_R2H0_8_C	2	34.6061	21.0111	0.3632
ABC_R2H0_8_D	2	34.8080	23.5392	0.3730
ABC_R2H0_9	2	28.9490	22.5803	0.3704
ABC_R2H0_9_A	2	33.3488	23.6105	0.3721
ABC_R2H0_9_B	2	33.2690	21.0461	0.3626
ABC_R2H0_9_C	2	24.4646	21.5671	0.3712
ABC_R2H0_9_D	2	24.7138	24.0975	0.3758
HCC_R2H0_2	2	22.6428	7.0024	0.3199
HCC_R2H0_2_A	2	25.4781	9.4168	0.3205
HCC_R2H0_2_B	2	25.6915	4.7931	0.3112
HCC_R2H0_2_C	2	19.7689	4.6508	0.3245
HCC_R2H0_2_D	2	19.6327	9.1487	0.3234
HCC_R2H0_3	2	12.2687	11.6033	0.3342
HCC_R2H0_3_A	2	15.0957	13.9963	0.3381
HCC_R2H0_3_B	2	15.3081	9.4003	0.3247
HCC_R2H0_3_C	2	9.4182	9.2557	0.3314
HCC_R2H0_3_D	2	9.2527	13.7607	0.3424
H_R2H0_0	2	2.7629	10.6463	0.3165
H_R2H0_0_A	2	2.5377	8.2779	0.3181
H_R2H0_0_B	2	2.6252	9.7813	0.3153
H_R2H0_0_C	2	2.7456	11.0239	0.3146
H_R2H0_0_D	2	3.1429	13.5022	0.3180
H_R2H0_1	2	87.5114	12.7979	0.3725
H_R2H0_1_A	2	83.8900	12.6387	0.3745
H_R2H0_1_B	2	87.1319	12.7752	0.3759
H_R2H0_1_C	2	87.9060	12.8162	0.3737
H_R2H0_1_D	2	91.1176	12.9616	0.3661
H_R2H0_2	2	117.8074	16.3980	0.3464
H_R2H0_2_A	2	115.1736	16.1882	0.3509
H_R2H0_2_B	2	115.5584	16.6189	0.3470
H_R2H0_2_C	2	120.0050	16.1177	0.3451
H_R2H0_2_D	2	120.4926	16.6671	0.3426
PB_1	2	123.4699	5.6674	0.3077
PB_1_A	2	123.5931	1.4311	0.3709
PB_1_B	2	123.5885	1.4327	0.3673
PB_1_C	2	123.2635	7.0950	0.3027
PB_1_D	2	123.4345	12.7106	0.1897
PB_2	2	109.6871	11.8191	0.2057
PB_3	2	87.1060	10.4331	0.4004
PB_3_A	2	83.2128	10.1828	0.4033
PB_3_B	2	86.7258	10.4513	0.4185
PB_3_C	2	87.6809	10.4871	0.4133
PB_3_D	2	90.8047	10.6112	0.3666
PB_4	2	85.8721	1.3813	0.4387
PB_4_A	2	86.9733	3.9529	0.4300
PB_4_B	2	87.4082	-1.0173	0.4285
PB_4_C	2	84.6629	-1.1949	0.4374
PB_4_D	2	84.4440	3.7844	0.4591
PB_5	2	60.2927	2.8857	0.4165
#---Other heights:
#Location	Type	X[mm]	Y[mm]	Z[mm]
C1	4	118.1097	5.7790	2.7866
C2	4	117.8796	9.2521	2.7459
C3	4	104.0020	10.0110	2.8060
C4	4	104.4879	1.4825	2.8553
Shield_A	4	63.1653	-1.4211	5.5322
Shield_B	4	68.5387	-0.9553	5.4965
Shield_C	4	76.5588	-0.8366	5.5680
Shield_D	4	63.0885	5.5426	5.4969
Shield_E	4	72.1011	5.7239	5.3258
Shield_F	4	76.5982	5.2800	5.4418
