#---Header
EC or Barrel: EC
Module type: R2
Module ref. Number: FRLonlyonHCCandHbondingpads
Date: 2022-09-02T22:15:41.638542Z
Institute: SFU
Operator: ar
Instrument Type: Smartscope Flash 302
Run Number: 1
Measurement program version: v1
#---Positions
#Location	X[mm]	Y[mm]
H_R2H0_P1	4.1990	23.2152
H_R2H0_P2	124.2105	25.8689
PB_P1	81.8899	10.5136
PB_P2	122.3757	1.0958
#---Glue heights:
#Location	Type	X[mm]	Y[mm]	Z[mm]
Sensor	1	9.2155	29.7313	-0.0003
Sensor	1	19.2301	28.9135	-0.0014
Sensor	1	29.0983	28.2729	0.0014
Sensor	1	39.2841	27.7727	0.0016
Sensor	1	49.3230	27.4484	0.0005
Sensor	1	59.3577	27.3013	-0.0001
Sensor	1	69.3883	27.2959	-0.0018
Sensor	1	79.4175	27.4704	-0.0016
Sensor	1	89.5942	27.8190	0.0010
Sensor	1	99.6037	28.3196	0.0003
Sensor	1	109.6018	29.0129	0.0009
Sensor	1	119.7396	29.8498	-0.0005
ABC_R2H0_0	2	120.0069	24.1910	0.3487
ABC_R2H0_0_A	2	124.2023	25.8627	0.3471
ABC_R2H0_0_B	2	124.5301	23.3147	0.3433
ABC_R2H0_0_C	2	115.7183	22.5394	0.3494
ABC_R2H0_0_D	2	115.5768	25.0471	0.3550
ABC_R2H0_1	2	109.9148	23.3339	0.3561
ABC_R2H0_10	2	18.8191	23.2407	0.3724
ABC_R2H0_10_A	2	23.2368	24.1921	0.3729
ABC_R2H0_10_B	2	23.1380	21.6301	0.3682
ABC_R2H0_10_C	2	14.3266	22.3078	0.3710
ABC_R2H0_10_D	2	14.5751	24.8329	0.3777
ABC_R2H0_11	2	8.6996	24.0664	0.3903
ABC_R2H0_11_A	2	13.1367	24.9522	0.3838
ABC_R2H0_11_B	2	12.9829	22.3709	0.3762
ABC_R2H0_11_C	2	4.1883	23.1977	0.3974
ABC_R2H0_11_D	2	4.4907	25.7449	0.4038
ABC_R2H0_1_A	2	114.1392	24.9376	0.3574
ABC_R2H0_1_B	2	114.3988	22.3782	0.3505
ABC_R2H0_1_C	2	105.6024	21.7478	0.3561
ABC_R2H0_1_D	2	105.5187	24.2721	0.3605
ABC_R2H0_2	2	99.8206	22.6590	0.3588
ABC_R2H0_2_A	2	104.0687	24.1907	0.3606
ABC_R2H0_2_B	2	104.2841	21.6167	0.3564
ABC_R2H0_2_C	2	95.4794	21.1312	0.3554
ABC_R2H0_2_D	2	95.4501	23.6976	0.3627
ABC_R2H0_3	2	89.7198	22.1639	0.3603
ABC_R2H0_3_A	2	93.9846	23.6119	0.3609
ABC_R2H0_3_B	2	94.1806	21.0734	0.3550
ABC_R2H0_3_C	2	85.3558	20.7011	0.3576
ABC_R2H0_3_D	2	85.3581	23.2691	0.3677
ABC_R2H0_4	2	79.5946	21.8102	0.3599
ABC_R2H0_4_A	2	83.8974	23.2053	0.3635
ABC_R2H0_4_B	2	84.0257	20.6056	0.3577
ABC_R2H0_4_C	2	75.2045	20.4312	0.3563
ABC_R2H0_4_D	2	75.2509	22.9986	0.3622
ABC_R2H0_5	2	69.4659	21.6215	0.3625
ABC_R2H0_5_A	2	73.7817	22.9430	0.3652
ABC_R2H0_5_B	2	73.8896	20.3633	0.3551
ABC_R2H0_5_C	2	65.0574	20.3206	0.3603
ABC_R2H0_5_D	2	65.1348	22.8589	0.3695
ABC_R2H0_6	2	59.3415	21.6239	0.3655
ABC_R2H0_6_A	2	63.6834	22.8717	0.3679
ABC_R2H0_6_B	2	63.7409	20.2969	0.3624
ABC_R2H0_6_C	2	54.9111	20.3901	0.3627
ABC_R2H0_6_D	2	55.0305	22.9367	0.3690
ABC_R2H0_7	2	49.2049	21.7661	0.3668
ABC_R2H0_7_A	2	53.5606	22.9477	0.3695
ABC_R2H0_7_B	2	53.5778	20.3510	0.3610
ABC_R2H0_7_C	2	44.7540	20.6137	0.3641
ABC_R2H0_7_D	2	44.9273	23.1521	0.3725
ABC_R2H0_8	2	39.0740	22.0906	0.3686
ABC_R2H0_8_A	2	43.4551	23.1914	0.3730
ABC_R2H0_8_B	2	43.4260	20.6161	0.3637
ABC_R2H0_8_C	2	34.6058	21.0126	0.3646
ABC_R2H0_8_D	2	34.8092	23.5421	0.3732
ABC_R2H0_9	2	28.9499	22.5806	0.3699
ABC_R2H0_9_A	2	33.3496	23.6108	0.3711
ABC_R2H0_9_B	2	33.2693	21.0468	0.3641
ABC_R2H0_9_C	2	24.4654	21.5665	0.3701
ABC_R2H0_9_D	2	24.7151	24.0984	0.3745
HCC_R2H0_2	2	22.6438	7.0034	0.3248
HCC_R2H0_2_A	2	25.4788	9.4201	0.3230
HCC_R2H0_2_B	2	25.6918	4.7932	0.3173
HCC_R2H0_2_C	2	19.7717	4.6510	0.3314
HCC_R2H0_2_D	2	19.6331	9.1492	0.3277
HCC_R2H0_3	2	12.2690	11.6039	0.3398
HCC_R2H0_3_A	2	15.0957	13.9968	0.3435
HCC_R2H0_3_B	2	15.3081	9.4013	0.3316
HCC_R2H0_3_C	2	9.4184	9.2562	0.3380
HCC_R2H0_3_D	2	9.2540	13.7614	0.3460
H_R2H0_0	2	2.7669	10.6465	0.3215
H_R2H0_0_A	2	2.5365	8.2786	0.3238
H_R2H0_0_B	2	2.6236	9.7821	0.3206
H_R2H0_0_C	2	2.7704	11.0216	0.3198
H_R2H0_0_D	2	3.1372	13.5036	0.3217
H_R2H0_1	2	87.5122	12.7978	0.3776
H_R2H0_1_A	2	83.8910	12.6385	0.3791
H_R2H0_1_B	2	87.1321	12.7756	0.3812
H_R2H0_1_C	2	87.9065	12.8162	0.3797
H_R2H0_1_D	2	91.1193	12.9611	0.3704
H_R2H0_2	2	117.8076	16.3979	0.3478
H_R2H0_2_A	2	115.1738	16.1886	0.3523
H_R2H0_2_B	2	115.5584	16.6191	0.3478
H_R2H0_2_C	2	120.0051	16.1175	0.3467
H_R2H0_2_D	2	120.4932	16.6664	0.3444
PB_1	2	123.4714	5.6660	0.3149
PB_1_A	2	123.5939	1.4295	0.3775
PB_1_B	2	123.5915	1.4318	0.3784
PB_1_C	2	123.2641	7.0931	0.3099
PB_1_D	2	123.4360	12.7095	0.1938
PB_2	2	109.6886	11.8186	0.2087
PB_3	2	87.1071	10.4333	0.4054
PB_3_A	2	83.2135	10.1829	0.4078
PB_3_B	2	86.7267	10.4521	0.4232
PB_3_C	2	87.6820	10.4876	0.4167
PB_3_D	2	90.8063	10.6106	0.3737
PB_4	2	85.8728	1.3815	0.4463
PB_4_A	2	86.9745	3.9533	0.4361
PB_4_B	2	87.4086	-1.0172	0.4351
PB_4_C	2	84.6634	-1.1943	0.4475
PB_4_D	2	84.4447	3.7841	0.4667
PB_5	2	60.2940	2.8877	0.4228
#---Other heights:
#Location	Type	X[mm]	Y[mm]	Z[mm]
C1	4	118.1113	5.7765	2.7943
C2	4	117.8805	9.2517	2.7501
C3	4	104.0039	10.0103	2.8114
C4	4	104.4881	1.4827	2.8666
Shield_A	4	63.1651	-1.4183	5.5424
Shield_B	4	68.5397	-0.9546	5.5054
Shield_C	4	76.5595	-0.8355	5.5785
Shield_D	4	63.0879	5.5440	5.5036
Shield_E	4	72.1016	5.7254	5.3319
Shield_F	4	76.5983	5.2807	5.4514
