#---Header
EC or Barrel: EC
Module type: R2
Module ref. Number: PBfrlLIGHTINgonliy
Date: 2022-09-02T23:56:29.567373Z
Institute: SFU
Operator: a
Instrument Type: Smartscope Flash 302
Run Number: 1
Measurement program version: v1
#---Positions
#Location	X[mm]	Y[mm]
H_R2H0_P1	4.2040	23.2112
H_R2H0_P2	124.2147	25.8648
PB_P1	81.8932	10.5105
PB_P2	122.3794	1.0926
#---Glue heights:
#Location	Type	X[mm]	Y[mm]	Z[mm]
Sensor	1	9.2166	29.7324	0.0001
Sensor	1	19.2306	28.9133	0.0002
Sensor	1	29.1007	28.2730	-0.0010
Sensor	1	39.2851	27.7732	0.0012
Sensor	1	49.3240	27.4475	-0.0001
Sensor	1	59.3588	27.3009	0.0000
Sensor	1	69.3895	27.2956	-0.0007
Sensor	1	79.4184	27.4708	-0.0005
Sensor	1	89.5949	27.8201	0.0007
Sensor	1	99.6054	28.3195	0.0002
Sensor	1	109.6029	29.0118	0.0002
Sensor	1	119.7403	29.8495	-0.0004
ABC_R2H0_0	2	120.0063	24.1943	0.3471
ABC_R2H0_0_A	2	124.2033	25.8668	0.3455
ABC_R2H0_0_B	2	124.5286	23.3168	0.3416
ABC_R2H0_0_C	2	115.7169	22.5422	0.3467
ABC_R2H0_0_D	2	115.5763	25.0514	0.3546
ABC_R2H0_1	2	109.9140	23.3360	0.3543
ABC_R2H0_10	2	18.8188	23.2406	0.3671
ABC_R2H0_10_A	2	23.2371	24.1914	0.3683
ABC_R2H0_10_B	2	23.1371	21.6294	0.3611
ABC_R2H0_10_C	2	14.3259	22.3082	0.3657
ABC_R2H0_10_D	2	14.5750	24.8332	0.3731
ABC_R2H0_11	2	8.6991	24.0659	0.3860
ABC_R2H0_11_A	2	13.1373	24.9510	0.3795
ABC_R2H0_11_B	2	12.9817	22.3702	0.3712
ABC_R2H0_11_C	2	4.1868	23.1979	0.3916
ABC_R2H0_11_D	2	4.4907	25.7445	0.4016
ABC_R2H0_1_A	2	114.1378	24.9402	0.3582
ABC_R2H0_1_B	2	114.3982	22.3800	0.3478
ABC_R2H0_1_C	2	105.6025	21.7492	0.3516
ABC_R2H0_1_D	2	105.5175	24.2744	0.3598
ABC_R2H0_2	2	99.8191	22.6616	0.3573
ABC_R2H0_2_A	2	104.0673	24.1932	0.3617
ABC_R2H0_2_B	2	104.2836	21.6200	0.3534
ABC_R2H0_2_C	2	95.4775	21.1332	0.3539
ABC_R2H0_2_D	2	95.4478	23.7000	0.3602
ABC_R2H0_3	2	89.7178	22.1650	0.3590
ABC_R2H0_3_A	2	93.9819	23.6135	0.3639
ABC_R2H0_3_B	2	94.1784	21.0745	0.3534
ABC_R2H0_3_C	2	85.3542	20.7024	0.3559
ABC_R2H0_3_D	2	85.3568	23.2696	0.3628
ABC_R2H0_4	2	79.5938	21.8112	0.3533
ABC_R2H0_4_A	2	83.8971	23.2069	0.3596
ABC_R2H0_4_B	2	84.0247	20.6064	0.3485
ABC_R2H0_4_C	2	75.2038	20.4329	0.3492
ABC_R2H0_4_D	2	75.2498	22.9984	0.3560
ABC_R2H0_5	2	69.4656	21.6228	0.3550
ABC_R2H0_5_A	2	73.7808	22.9433	0.3595
ABC_R2H0_5_B	2	73.8889	20.3645	0.3500
ABC_R2H0_5_C	2	65.0583	20.3211	0.3494
ABC_R2H0_5_D	2	65.1346	22.8625	0.3609
ABC_R2H0_6	2	59.3416	21.6246	0.3571
ABC_R2H0_6_A	2	63.6832	22.8727	0.3606
ABC_R2H0_6_B	2	63.7412	20.2968	0.3501
ABC_R2H0_6_C	2	54.9117	20.3916	0.3525
ABC_R2H0_6_D	2	55.0303	22.9373	0.3653
ABC_R2H0_7	2	49.2050	21.7672	0.3604
ABC_R2H0_7_A	2	53.5613	22.9486	0.3644
ABC_R2H0_7_B	2	53.5773	20.3517	0.3521
ABC_R2H0_7_C	2	44.7536	20.6145	0.3558
ABC_R2H0_7_D	2	44.9278	23.1538	0.3692
ABC_R2H0_8	2	39.0734	22.0904	0.3625
ABC_R2H0_8_A	2	43.4543	23.1920	0.3690
ABC_R2H0_8_B	2	43.4256	20.6163	0.3559
ABC_R2H0_8_C	2	34.6057	21.0117	0.3571
ABC_R2H0_8_D	2	34.8082	23.5414	0.3680
ABC_R2H0_9	2	28.9494	22.5804	0.3647
ABC_R2H0_9_A	2	33.3489	23.6105	0.3672
ABC_R2H0_9_B	2	33.2692	21.0460	0.3570
ABC_R2H0_9_C	2	24.4649	21.5670	0.3642
ABC_R2H0_9_D	2	24.7146	24.0981	0.3704
HCC_R2H0_2	2	22.6435	7.0030	0.3038
HCC_R2H0_2_A	2	25.4792	9.4187	0.3054
HCC_R2H0_2_B	2	25.6919	4.7931	0.2944
HCC_R2H0_2_C	2	19.7706	4.6506	0.3080
HCC_R2H0_2_D	2	19.6323	9.1497	0.3075
HCC_R2H0_3	2	12.2683	11.6030	0.3224
HCC_R2H0_3_A	2	15.0955	13.9969	0.3283
HCC_R2H0_3_B	2	15.3075	9.4000	0.3127
HCC_R2H0_3_C	2	9.4183	9.2550	0.3175
HCC_R2H0_3_D	2	9.2519	13.7601	0.3311
H_R2H0_0	2	2.7664	10.6456	0.3030
H_R2H0_0_A	2	2.5386	8.2776	0.3034
H_R2H0_0_B	2	2.6267	9.7815	0.3016
H_R2H0_0_C	2	2.7654	11.0216	0.3014
H_R2H0_0_D	2	3.1349	13.5019	0.3055
H_R2H0_1	2	87.5108	12.7993	0.3636
H_R2H0_1_A	2	83.8898	12.6397	0.3655
H_R2H0_1_B	2	87.1307	12.7774	0.3669
H_R2H0_1_C	2	87.9061	12.8171	0.3645
H_R2H0_1_D	2	91.1164	12.9631	0.3576
H_R2H0_2	2	117.8070	16.4009	0.3394
H_R2H0_2_A	2	115.1728	16.1922	0.3437
H_R2H0_2_B	2	115.5580	16.6222	0.3402
H_R2H0_2_C	2	120.0052	16.1199	0.3380
H_R2H0_2_D	2	120.4918	16.6693	0.3358
PB_1	2	123.4715	5.6655	0.2945
PB_1_A	2	123.5944	1.4292	0.3528
PB_1_B	2	123.5930	1.4299	0.3563
PB_1_C	2	123.2632	7.0931	0.2898
PB_1_D	2	123.4355	12.7099	0.1790
PB_2	2	109.6877	11.8185	0.1919
PB_3	2	87.1065	10.4329	0.3893
PB_3_A	2	83.2141	10.1823	0.3913
PB_3_B	2	86.7260	10.4515	0.4073
PB_3_C	2	87.6816	10.4876	0.4019
PB_3_D	2	90.8044	10.6104	0.3567
PB_4	2	85.8725	1.3815	0.4205
PB_4_A	2	86.9735	3.9540	0.4135
PB_4_B	2	87.4086	-1.0179	0.4070
PB_4_C	2	84.6632	-1.1947	0.4180
PB_4_D	2	84.4446	3.7846	0.4436
PB_5	2	60.2934	2.8870	0.4005
#---Other heights:
#Location	Type	X[mm]	Y[mm]	Z[mm]
C1	4	118.1106	5.7772	2.7742
C2	4	117.8796	9.2511	2.7304
C3	4	104.0029	10.0103	2.7928
C4	4	104.4886	1.4812	2.8369
Shield_A	4	63.1646	-1.4179	5.5117
Shield_B	4	68.5386	-0.9540	5.4733
Shield_C	4	76.5589	-0.8359	5.5561
Shield_D	4	63.0892	5.5429	5.4765
Shield_E	4	72.1012	5.7250	5.3087
Shield_F	4	76.5978	5.2805	5.4227
