#---Header
EC or Barrel: EC
Module type: R2
Module ref. Number: r2run3zeroedsensorpts
Date: 2022-09-08T23:04:06.530940Z
Institute: SFU
Operator: ar
Instrument Type: Smartscope Flash 302
Run Number: 1
Measurement program version: v1
#---Positions
#Location	X[mm]	Y[mm]
H_R2H0_P1	4.2063	23.2105
H_R2H0_P2	124.2152	25.8646
PB_P1	81.8934	10.5102
PB_P2	122.3796	1.0920
#---Glue heights:
#Location	Type	X[mm]	Y[mm]	Z[mm]
Sensor	1	9.2166	29.7295	-0.0000
Sensor	1	19.2307	28.9135	-0.0000
Sensor	1	29.0993	28.2736	-0.0000
Sensor	1	39.2853	27.7739	-0.0000
Sensor	1	49.3237	27.4479	-0.0000
Sensor	1	59.3586	27.3025	-0.0000
Sensor	1	69.3888	27.2969	-0.0000
Sensor	1	79.4182	27.4715	-0.0000
Sensor	1	89.5946	27.8188	-0.0000
Sensor	1	99.6052	28.3206	-0.0000
Sensor	1	109.6024	29.0122	-0.0000
Sensor	1	119.7402	29.8495	-0.0000
ABC_R2H0_0	2	120.0056	24.1917	0.3651
ABC_R2H0_0_A	2	124.2025	25.8637	0.3587
ABC_R2H0_0_B	2	124.5285	23.3157	0.3616
ABC_R2H0_0_C	2	115.7163	22.5400	0.3678
ABC_R2H0_0_D	2	115.5749	25.0475	0.3724
ABC_R2H0_1	2	109.9136	23.3336	0.3741
ABC_R2H0_10	2	18.8180	23.2392	0.3888
ABC_R2H0_10_A	2	23.2362	24.1902	0.3869
ABC_R2H0_10_B	2	23.1369	21.6282	0.3881
ABC_R2H0_10_C	2	14.3247	22.3063	0.3897
ABC_R2H0_10_D	2	14.5744	24.8322	0.3904
ABC_R2H0_11	2	8.6999	24.0642	0.4041
ABC_R2H0_11_A	2	13.1365	24.9499	0.3958
ABC_R2H0_11_B	2	12.9820	22.3663	0.3943
ABC_R2H0_11_C	2	4.1898	23.1967	0.4121
ABC_R2H0_11_D	2	4.4912	25.7438	0.4141
ABC_R2H0_1_A	2	114.1374	24.9373	0.3721
ABC_R2H0_1_B	2	114.3980	22.3787	0.3718
ABC_R2H0_1_C	2	105.6013	21.7463	0.3768
ABC_R2H0_1_D	2	105.5178	24.2723	0.3756
ABC_R2H0_2	2	99.8189	22.6595	0.3778
ABC_R2H0_2_A	2	104.0667	24.1911	0.3771
ABC_R2H0_2_B	2	104.2835	21.6175	0.3764
ABC_R2H0_2_C	2	95.4772	21.1298	0.3781
ABC_R2H0_2_D	2	95.4481	23.6996	0.3796
ABC_R2H0_3	2	89.7173	22.1627	0.3822
ABC_R2H0_3_A	2	93.9814	23.6103	0.3820
ABC_R2H0_3_B	2	94.1782	21.0721	0.3803
ABC_R2H0_3_C	2	85.3532	20.7007	0.3805
ABC_R2H0_3_D	2	85.3565	23.2678	0.3861
ABC_R2H0_4	2	79.5927	21.8087	0.3805
ABC_R2H0_4_A	2	83.8959	23.2044	0.3833
ABC_R2H0_4_B	2	84.0244	20.6039	0.3815
ABC_R2H0_4_C	2	75.2014	20.4304	0.3791
ABC_R2H0_4_D	2	75.2489	22.9962	0.3782
ABC_R2H0_5	2	69.4651	21.6214	0.3800
ABC_R2H0_5_A	2	73.7803	22.9424	0.3800
ABC_R2H0_5_B	2	73.8885	20.3634	0.3795
ABC_R2H0_5_C	2	65.0574	20.3198	0.3791
ABC_R2H0_5_D	2	65.1340	22.8600	0.3814
ABC_R2H0_6	2	59.3406	21.6227	0.3834
ABC_R2H0_6_A	2	63.6822	22.8705	0.3837
ABC_R2H0_6_B	2	63.7400	20.2952	0.3796
ABC_R2H0_6_C	2	54.9109	20.3897	0.3824
ABC_R2H0_6_D	2	55.0292	22.9352	0.3878
ABC_R2H0_7	2	49.2040	21.7655	0.3861
ABC_R2H0_7_A	2	53.5608	22.9465	0.3864
ABC_R2H0_7_B	2	53.5764	20.3507	0.3836
ABC_R2H0_7_C	2	44.7527	20.6122	0.3849
ABC_R2H0_7_D	2	44.9263	23.1526	0.3895
ABC_R2H0_8	2	39.0731	22.0885	0.3864
ABC_R2H0_8_A	2	43.4533	23.1901	0.3895
ABC_R2H0_8_B	2	43.4251	20.6137	0.3842
ABC_R2H0_8_C	2	34.6061	21.0105	0.3832
ABC_R2H0_8_D	2	34.8077	23.5396	0.3888
ABC_R2H0_9	2	28.9484	22.5793	0.3876
ABC_R2H0_9_A	2	33.3477	23.6097	0.3872
ABC_R2H0_9_B	2	33.2680	21.0450	0.3854
ABC_R2H0_9_C	2	24.4642	21.5658	0.3893
ABC_R2H0_9_D	2	24.7137	24.0968	0.3887
HCC_R2H0_2	2	22.6426	7.0018	0.3703
HCC_R2H0_2_A	2	25.4783	9.4177	0.3643
HCC_R2H0_2_B	2	25.6910	4.7923	0.3673
HCC_R2H0_2_C	2	19.7696	4.6488	0.3818
HCC_R2H0_2_D	2	19.6316	9.1483	0.3677
HCC_R2H0_3	2	12.2679	11.6019	0.3761
HCC_R2H0_3_A	2	15.0948	13.9955	0.3755
HCC_R2H0_3_B	2	15.3068	9.3980	0.3717
HCC_R2H0_3_C	2	9.4181	9.2553	0.3785
HCC_R2H0_3_D	2	9.2519	13.7590	0.3788
H_R2H0_0	2	2.7593	10.6457	0.3594
H_R2H0_0_A	2	2.5383	8.2766	0.3667
H_R2H0_0_B	2	2.6245	9.7807	0.3608
H_R2H0_0_C	2	2.7396	11.0235	0.3569
H_R2H0_0_D	2	3.1347	13.5022	0.3532
H_R2H0_1	2	87.5105	12.7975	0.4138
H_R2H0_1_A	2	83.8895	12.6394	0.4152
H_R2H0_1_B	2	87.1304	12.7747	0.4175
H_R2H0_1_C	2	87.9058	12.8146	0.4153
H_R2H0_1_D	2	91.1163	12.9614	0.4073
H_R2H0_2	2	117.8072	16.3979	0.3770
H_R2H0_2_A	2	115.1724	16.1879	0.3842
H_R2H0_2_B	2	115.5580	16.6198	0.3794
H_R2H0_2_C	2	120.0056	16.1174	0.3774
H_R2H0_2_D	2	120.4928	16.6666	0.3670
PB_1	2	123.4715	5.6648	0.3627
PB_1_A	2	123.5935	1.4290	0.4348
PB_1_B	2	123.5923	1.4291	0.4347
PB_1_C	2	123.2637	7.0923	0.3552
PB_1_D	2	123.4367	12.7088	0.2262
PB_2	2	109.6884	11.8180	0.2430
PB_3	2	87.1062	10.4326	0.4472
PB_3_A	2	83.2134	10.1821	0.4521
PB_3_B	2	86.7257	10.4513	0.4647
PB_3_C	2	87.6813	10.4867	0.4588
PB_3_D	2	90.8043	10.6103	0.4133
PB_4	2	85.8715	1.3814	0.5071
PB_4_A	2	86.9718	3.9528	0.4940
PB_4_B	2	87.4083	-1.0178	0.5029
PB_4_C	2	84.6615	-1.1947	0.5111
PB_4_D	2	84.4444	3.7852	0.5205
PB_5	2	60.2933	2.8874	0.4795
#---Other heights:
#Location	Type	X[mm]	Y[mm]	Z[mm]
C1	4	118.1107	5.7768	2.8495
C2	4	117.8794	9.2492	2.7913
C3	4	104.0024	10.0097	2.8517
C4	4	104.4889	1.4810	2.9209
Shield_A	4	63.1641	-1.4176	5.6034
Shield_B	4	68.5391	-0.9542	5.5658
Shield_C	4	76.5586	-0.8365	5.6453
Shield_D	4	63.0888	5.5432	5.5486
Shield_E	4	72.1017	5.7251	5.3821
Shield_F	4	76.5972	5.2801	5.5030
